0.000000000000000000e+00
9.066140529455350983e-01
8.963590993596484147e-01
8.558876522803784415e-01
1.068403103656736741e+00
7.043262363435451867e-01
1.135386686100934739e+00
9.543725633998587643e-01
9.607443853060366745e-01
1.075292595843540422e+00
9.683948765418421978e-01
7.585086305715147414e-01
1.034751548642836028e+00
8.292831770925563895e-01
8.218228292404168300e-01
1.032762185183716763e+00
1.087305070759800651e+00
1.134861120833813075e+00
9.752126810849162108e-01
8.169346458947184253e-01
9.883521124593006579e-01
1.482185575490493790e+00
7.748187455488929620e-01
8.804221737058413044e-01
8.815562759815195326e-01
1.450054716688051748e+00
1.390225609600389323e+00
1.475821559143718265e+00
8.644799673348206870e-01
1.051718548865058667e+00
8.845604166326490603e-01
7.572056142420933167e-01
8.374317231817127727e-01
8.269473659768107332e-01
8.966305447366871295e-01
8.400776318896440165e-01
8.192566391485478494e-01
1.216655587724486232e+00
9.019640749556828707e-01
8.835806457919639367e-01
8.330020970143957593e-01
8.493920149068381331e-01
8.183784763116060956e-01
9.545595949418816950e-01
8.631901564395696447e-01
9.397919313044821310e-01
7.963925245727649926e-01
8.712982478373751949e-01
9.704797592618591429e-01
8.473324145081440051e-01
1.345583131399370025e+00
1.060806848307355832e+00
7.506323767436644534e-01
8.783796757853143955e-01
7.791029028950682278e-01
8.906753612592841485e-01
9.902443459852942054e-01
1.185335186440950483e+00
9.548749968977214841e-01
9.977408358585058146e-01
9.816250060161213487e-01
1.103429513924771399e+00
9.227497888830020756e-01
1.268636044604016355e+00
1.045253461046318666e+00
8.874932364604382062e-01
9.541652114910844640e-01
8.818573184355535943e-01
8.753306552278385944e-01
1.005997824039326582e+00
7.880044072021405999e-01
1.464921891216778072e+00
1.001708044042795898e+00
8.121505646866784556e-01
9.900792115854382125e-01
8.680321571979805473e-01
8.047680148761731100e-01
1.056393836412126142e+00
1.418570666005499081e+00
9.761663168258617462e-01
1.140820158781624905e+00
7.825501084717618738e-01
1.052029011874464626e+00
1.440426918481500174e+00
1.014316705225274617e+00
1.440182589110571509e+00
1.473560391444964202e+00
8.409786299249826236e-01
9.073979400307120580e-01
9.460714810624757387e-01
1.375459086155824462e+00
1.180113998986161095e+00
1.170677480196315123e+00
1.105643388336501554e+00
7.929948167687561611e-01
8.056740204441239506e-01
1.147202653017949547e+00
1.248073301515691291e+00
1.067914620146267257e+00
8.620957892084547547e-01
8.978584870273134122e-01
8.781485245713293031e-01
1.317765882125528698e+00
8.014782040297162569e-01
9.865614557362087922e-01
7.798409444853688921e-01
8.301580413173635931e-01
9.980200753626629062e-01
1.052383090899167817e+00
1.065861354630204261e+00
1.148295687655163100e+00
9.945112650395960818e-01
8.175719644851402457e-01
1.093982895064047556e+00
8.070911536004496956e-01
8.123281467991301241e-01
9.488832844243909603e-01
7.754718339756134782e-01
9.485742068873026511e-01
1.064968313066298355e+00
9.813528243486950853e-01
7.998998501789656990e-01
9.445081007734619227e-01
1.087449837583889689e+00
9.599675535106111379e-01
7.566182521153956841e-01
9.810762220144840784e-01
1.371597336033132830e+00
8.549545513316159084e-01
1.246403135006407759e+00
8.559351273040373131e-01
9.114993899613467176e-01
1.389491548358945616e+00
1.102618361556715776e+00
1.003170448024695016e+00
8.181301939654759270e-01
1.212121801768379026e+00
1.344358471356672524e+00
1.025160419293682956e+00
1.031708027947584094e+00
1.016818596013928211e+00
1.317287444596892509e+00
1.054791577847895567e+00
6.983702719885336307e-01
1.101339442297178950e+00
1.013278339421610941e+00
1.292810115493892020e+00
8.675083302725437040e-01
1.038544942430524642e+00
1.183428985553607093e+00
1.250533875574568521e+00
7.318775535103608787e-01
1.187834105091541304e+00
1.099007007133079306e+00
1.083553463192041599e+00
1.144525077856112905e+00
1.323591928577165566e+00
1.272130536070320783e+00
1.118804636003072561e+00
9.521224208187277771e-01
6.922864173426790391e-01
9.433572890628889596e-01
6.904867049905999421e-01
1.168682041120083115e+00
1.191182673240343437e+00
1.211622946871619089e+00
1.121231649186743784e+00
8.603670876023317149e-01
1.016030855578387460e+00
9.045704411670514311e-01
1.064341022905432865e+00
1.029553288011035406e+00
1.283099716016648628e+00
1.282845923804076360e+00
1.081685341238719289e+00
1.213159401048469643e+00
1.215493486209353380e+00
1.421400440779236884e+00
1.335753441183435530e+00
7.752832739476188673e-01
7.976556839959738632e-01
6.872190590588114212e-01
1.153502100393526408e+00
1.365687535440819556e+00
1.126233640703741656e+00
1.386505518920601476e+00
7.407637776080613357e-01
1.140725597917601863e+00
1.029171567753554450e+00
1.307195498048042248e+00
1.344668191056802353e+00
8.540211348261297353e-01
1.385699712796088168e+00
1.346929291332238154e+00
1.373538224423905607e+00
1.321293738783522187e+00
7.094548921419447929e-01
7.695948854554121032e-01
1.383168106936227826e+00
1.304758548463887946e+00
9.797421905377053930e-01
1.422180931216806776e+00
6.343527702889294462e-01
5.919273083686138470e-01
5.538565085738973437e-01
7.422464833950039864e-01
1.029627725203052346e+00
1.407253497875129655e+00
1.373294116262752329e+00
1.226148255358811889e+00
1.120149742432324569e+00
1.245667275549304343e+00
7.315104977807762587e-01
1.416888660625974961e+00
1.469371403903914963e+00
1.156183301837368838e+00
1.179913942461549237e+00
7.255454659232185577e-01
7.130046457309835439e-01
1.306672513993888618e+00
6.984456092798928539e-01
7.590111015057421362e-01
7.267354446627256603e-01
1.168699045039758522e+00
1.097825547229753118e+00
1.198553985341408223e+00
1.270495860495149731e+00
9.038222383936248550e-01
1.202170444946458083e+00
1.222727997885855178e+00
1.225177069871361546e+00
1.195018159787816892e+00
1.325868150045130811e+00
1.334864598912230527e+00
7.092425566888107547e-01
1.091724169621889562e+00
1.254322916556268375e+00
1.277703240410121399e+00
7.396065956805084607e-01
1.211305151127098689e+00
1.349889345070717450e+00
1.078356457700235138e+00
1.189961123545385302e+00
1.095319510721139533e+00
1.194991598170650260e+00
1.224769509355184027e+00
1.334718616524700696e+00
1.178115380492878561e+00
1.313384980195065665e+00
1.442997015764985180e+00
1.160525858820930178e+00
6.942370586746064998e-01
1.341124955914665406e+00
1.151543212987551135e+00
1.222158532032592948e+00
1.128086471023887594e+00
1.365740293950389539e+00
8.089551375744714612e-01
1.366317032175865531e+00
6.886258864255434542e-01
8.781790937673139563e-01
1.242596823967427433e+00
1.118222701271061936e+00
1.111680481288489064e+00
1.154710680782351506e+00
1.303750845291818283e+00
7.959871482649599761e-01
1.130517907127974286e+00
7.664578608175691699e-01
1.400129415183218429e+00
6.968581327557065164e-01
1.399128920277327381e+00
1.368621075441898371e+00
7.068575828199338273e-01
1.446762851794274773e+00
1.255335918812613194e+00
1.106808427445431287e+00
8.491153142045795299e-01
1.410300698970526678e+00
9.211170717745500447e-01
1.178858297847560799e+00
8.543333635686233274e-01
1.347852300509595036e+00
1.378609446269777994e+00
1.156456792119177734e+00
7.836574294573237509e-01
1.254867416993677764e+00
1.413639828069745974e+00
1.302463657413460041e+00
1.188566894688227515e+00
1.466671251785363062e+00
7.649109454768237004e-01
9.455593527248787877e-01
7.123232645638416516e-01
6.941887422257587703e-01
8.629979463836914277e-01
1.371878600512741020e+00
9.543203741975661014e-01
1.345690140883728070e+00
9.418730738759244492e-01
7.855117041794820176e-01
8.961231175009207739e-01
1.280482508342418058e+00
7.719937066787831981e-01
8.121995320843180544e-01
7.847415210399490970e-01
7.261871424238446338e-01
7.583118466857734497e-01
1.000966558756873681e+00
9.907062086807363332e-01
7.931185191404628299e-01
7.860839832150494644e-01
6.057138064559808299e-01
1.304481999787220126e+00
8.133684249953609946e-01
7.152514985338456199e-01
1.048048934212057581e+00
8.000091366361179457e-01
7.495025137009699856e-01
9.533435026921476263e-01
1.427153373258127189e+00
8.968066339470159853e-01
7.210486304945817881e-01
1.050169449630141916e+00
6.936944177783950227e-01
1.303354952828218671e+00
1.390664841761768411e+00
8.699384540054310166e-01
1.443197485613437081e+00
1.457249057310519014e+00
7.250064392477486575e-01
7.051916469895171957e-01
7.218590930967612174e-01
6.939765622127864741e-01
1.370101396417220840e+00
7.303764528226728281e-01
1.409183448878267519e+00
6.889177164193589498e-01
1.450959712069176177e+00
7.443710082779408932e-01
1.301825727272216238e+00
1.007631827230504706e+00
1.282402674349676808e+00
9.244786336270350846e-01
9.045542223123799186e-01
1.232554679529996200e+00
6.898087863398025821e-01
8.095100155302286105e-01
1.308485864786990138e+00
7.930437229769402574e-01
6.964842133173679839e-01
1.199224319011187312e+00
1.073350893028983677e+00
1.437475871740203193e+00
6.941205345726304543e-01
9.656250056149812133e-01
6.905459542374198234e-01
1.132741835926612373e+00
8.147789035855572681e-01
6.982908022451910224e-01
1.042830786505378526e+00
6.943993519113477175e-01
6.897581524578787482e-01
7.707927395969891293e-01
1.423571414563949311e+00
7.461474887920513943e-01
1.094161757738026042e+00
9.515558973302010726e-01
8.246249757269268343e-01
8.347019803146168426e-01
7.345385253784072477e-01
1.406173320739859900e+00
1.447618030285956259e+00
9.091974274908705134e-01
1.206759549300175038e+00
1.419391970734647845e+00
8.211815729290061761e-01
7.753162667711649414e-01
1.456814068041893506e+00
1.274376848557056574e+00
1.208411989423476385e+00
1.280005053736701370e+00
7.541716820321324732e-01
7.273058079217806782e-01
8.894385612286865861e-01
8.643947499461951400e-01
7.093075400336084080e-01
8.279366053869383624e-01
1.266460948000753151e+00
7.059881402733572120e-01
6.934936852599309365e-01
1.282308193711037880e+00
7.047223873706439656e-01
7.521350522710482656e-01
7.813693824443935787e-01
1.318322027256504603e+00
1.427494358477416458e+00
7.037658177695227391e-01
6.970920446407975479e-01
1.410700343499622811e+00
1.209144793949096242e+00
1.443381742866353346e+00
8.630011212504566931e-01
9.172645936729914018e-01
7.334453689399699217e-01
8.282053860259868117e-01
8.589910019314779266e-01
1.151282838351558313e+00
6.825972604025982715e-01
0.000000000000000000e+00
1.271249906747503822e+00
9.494774168292434702e-01
1.062299737949613077e+00
8.961124840650344092e-01
8.054042309141956624e-01
7.477752215762085708e-01
8.797043860266932080e-01
7.088665592978296015e-01
7.272626463237086281e-01
1.384711122993221410e+00
7.679685823644106790e-01
7.017744863402849420e-01
8.152019868028337335e-01
1.130894565961267251e+00
8.133798815923711789e-01
7.972941555564330152e-01
7.655087642242287549e-01
7.601688011302011327e-01
8.071480515487805540e-01
1.002211552217125767e+00
1.030013537756450326e+00
7.226999442486887748e-01
1.115671469555111539e+00
8.188871660208489889e-01
1.373388089742096696e+00
1.117425194078450312e+00
9.534622371321540557e-01
9.601018512032436503e-01
1.179542851780748025e+00
1.217004782130048923e+00
9.665372233144503555e-01
1.220136650283951241e+00
9.774503305504038675e-01
1.008992433432341906e+00
1.026014151025045562e+00
9.492154978525249032e-01
1.223499633481593296e+00
9.619087781137491966e-01
9.158173759084186072e-01
1.192707159597629296e+00
9.187618028791366687e-01
1.131434846112624903e+00
1.259336152516810081e+00
1.101046400078324439e+00
6.135432363405087797e-01
1.298552898833974734e+00
1.166443041478105958e+00
1.298174745559374399e+00
1.081810078366597372e+00
1.163534596605076077e+00
9.944487261174801418e-01
1.133082322676667753e+00
1.046082536094691040e+00
6.830205884565119234e-01
1.191606561110076345e+00
6.067248215108769216e-01
1.216599968991788794e+00
1.253473780309970032e+00
6.568484606850074625e-01
1.361959367440459090e+00
6.343571630993050103e-01
1.334791669585557505e+00
1.342851485416679758e+00
1.268420825003887087e+00
7.171547824449604480e-01
6.008643390162448084e-01
6.071466228248695307e-01
6.011127709958450360e-01
1.226917681676641614e+00
7.284005698289860442e-01
6.657770172936628983e-01
7.457723730556072850e-01
5.927544560613267066e-01
6.195380863753701117e-01
6.738171036629758692e-01
7.924908955537627309e-01
8.083621587621520055e-01
7.011225007706141099e-01
7.938052715098521395e-01
7.330079960907266434e-01
6.883193191480099227e-01
8.521248027272756431e-01
7.851206574532550997e-01
1.034914988757424048e+00
9.090905078492550473e-01
8.568261606173930289e-01
1.006268567964870408e+00
8.747503916859216133e-01
9.442314159344901148e-01
1.168466267850206686e+00
4.104110116066640446e-01
9.743758041060823771e-01
4.038366943188192448e-01
1.012016698089919675e+00
1.092575566366357886e+00
4.108279193007239871e-01
4.773075048046586666e-01
4.857891106886098043e-01
5.033674532768758203e-01
5.297669661383076489e-01
0.000000000000000000e+00
0.000000000000000000e+00
