0.000000000000000000e+00
1.205421801670292226e+00
1.150185516371852845e+00
1.164597595258152651e+00
1.928124203213531951e+00
1.061183877000392961e+00
9.914702638701717863e-01
1.073619625828138968e+00
1.506482561422488153e+00
1.852861547827743482e+00
1.907849628862056779e+00
1.498282298413899039e+00
1.630016684537111349e+00
1.706571582914451657e+00
1.864213242204481702e+00
1.829868747411221630e+00
1.769010130942889170e+00
1.064846651477045825e+00
1.531100889890123273e+00
1.571416971316175637e+00
1.982483704213184872e+00
1.336145927482881079e+00
1.484726055161661229e+00
1.472678620588086407e+00
1.740262054847458550e+00
1.460270817983698510e+00
1.509672031084833055e+00
1.441036745171248690e+00
1.452321094763400877e+00
1.434129047655771316e+00
1.719457160456357769e+00
1.412575147992152225e+00
1.453243710088234941e+00
1.467411106233994733e+00
1.805812239074448655e+00
1.827496671400874462e+00
1.398580031444263128e+00
1.558562963834815074e+00
1.485921012979998679e+00
1.120680586302408521e+00
1.611183610685379630e+00
1.550306665242875415e+00
1.435565438905919144e+00
1.709181593885848116e+00
1.631890260467927511e+00
1.822332192656974881e+00
1.568510319511278617e+00
1.842111476040985130e+00
1.920392353937803387e+00
1.981061369224772717e+00
1.245751832467143272e+00
1.942463685149935060e+00
1.764308140601731356e+00
1.776046001895674076e+00
1.614422845025860198e+00
1.622458208089324394e+00
1.066297266345054950e+00
1.737896510357524793e+00
1.077141146494880575e+00
1.750042603644710315e+00
2.109723390553211342e+00
2.080616692032263071e+00
1.143304472407534522e+00
2.061935947634272903e+00
1.983669253876477523e+00
2.084510740611400514e+00
1.776446944528082161e+00
1.962566239921505362e+00
2.012478577853435091e+00
1.841104560583484817e+00
9.978391904508041588e-01
2.023584412510579522e+00
1.859252272316103127e+00
1.999799226863275603e+00
1.028577436129304967e+00
2.062207567307060785e+00
1.041605324393954923e+00
1.718906721492665657e+00
1.783362462775579083e+00
1.439950324968235051e+00
1.075775732101172721e+00
1.926981990914768295e+00
2.005538184628073317e+00
2.011473980746456114e+00
1.865805437103416953e+00
1.195297061388614912e+00
1.033088336288194853e+00
1.794600099839952723e+00
1.878127422760647924e+00
1.026673934276375544e+00
1.548275631948684339e+00
1.100798073496775498e+00
1.054856733160225879e+00
1.182829693349478628e+00
2.081970782056015601e+00
9.910114084388172984e-01
1.117162201016076217e+00
1.087611914704717408e+00
1.097143735588434144e+00
1.409252083374765263e+00
1.314812637456860278e+00
1.737921700859519358e+00
1.222209907682362928e+00
1.442293230641716217e+00
1.267748906571511736e+00
1.201612149615441050e+00
1.198006984649568452e+00
1.487623630547481479e+00
1.366805591092900007e+00
1.223309488648235632e+00
1.285960627016508706e+00
1.689184082058351244e+00
1.461287987976074731e+00
1.292124897593562638e+00
1.665854676785513577e+00
1.557162095042668781e+00
1.291709686381267819e+00
1.437804045475959747e+00
1.544518858709952314e+00
1.509860116137086816e+00
1.272102870931473451e+00
1.824706392549792611e+00
1.628210110818131273e+00
1.383630564646577632e+00
1.489734642849338320e+00
1.267410427413710572e+00
1.511155920272507780e+00
1.465494576855826292e+00
1.431220909584607348e+00
1.470598957406883178e+00
1.819843969405827488e+00
1.527667274410756226e+00
1.875660522193326685e+00
1.605974891613487276e+00
1.753183306681369569e+00
1.529159977031543161e+00
1.585364046756545520e+00
1.665117273453965208e+00
1.756796008263680653e+00
8.646679491680548946e-01
8.572707096800950000e-01
1.770692441988474197e+00
1.858423768973050505e+00
9.218825734839382058e-01
1.922409061133267816e+00
1.651612696587319240e+00
8.895727089312714941e-01
1.942288455956172610e+00
9.895480977082535823e-01
1.150305297390783243e+00
1.914218960153148075e+00
9.096103987146795244e-01
1.123377931464688118e+00
9.604106596921215822e-01
1.127710590895567133e+00
1.093006224144427385e+00
1.050891279209703821e+00
9.799828783893883566e-01
1.256538685989024628e+00
9.848629317625607893e-01
1.182090198837924877e+00
1.128965251782479751e+00
9.488706381718092775e-01
1.207307523369381075e+00
1.333216232840511495e+00
1.188434292023789585e+00
1.097507371284478062e+00
6.178620374472280075e-01
1.233714562224751399e+00
1.262839362259813747e+00
1.416639439935080125e+00
1.345678549212694808e+00
1.301282426477969434e+00
1.332213012180382572e+00
1.406504104559996415e+00
1.676210249915158546e+00
6.511733608958006903e-01
1.505095569167921976e+00
1.559822414413785996e+00
1.612297604976550947e+00
6.343789605746932292e-01
1.573681390005396974e+00
6.882636366706272879e-01
9.148205886005197351e-01
8.239950563238559456e-01
7.178936545871686947e-01
0.000000000000000000e+00
7.110311538304647794e-01
6.918471011880220622e-01
8.593086343361167057e-01
8.988974311060471400e-01
1.044473748472547925e+00
8.777108390758181500e-01
9.117226042613442161e-01
1.081481083091350603e+00
0.000000000000000000e+00
0.000000000000000000e+00
0.000000000000000000e+00
0.000000000000000000e+00
0.000000000000000000e+00
0.000000000000000000e+00
0.000000000000000000e+00
0.000000000000000000e+00
0.000000000000000000e+00
0.000000000000000000e+00
0.000000000000000000e+00
0.000000000000000000e+00
0.000000000000000000e+00
0.000000000000000000e+00
0.000000000000000000e+00
0.000000000000000000e+00
0.000000000000000000e+00
0.000000000000000000e+00
0.000000000000000000e+00
0.000000000000000000e+00
0.000000000000000000e+00
0.000000000000000000e+00
0.000000000000000000e+00
0.000000000000000000e+00
0.000000000000000000e+00
0.000000000000000000e+00
0.000000000000000000e+00
0.000000000000000000e+00
0.000000000000000000e+00
0.000000000000000000e+00
0.000000000000000000e+00
0.000000000000000000e+00
0.000000000000000000e+00
0.000000000000000000e+00
0.000000000000000000e+00
0.000000000000000000e+00
0.000000000000000000e+00
0.000000000000000000e+00
0.000000000000000000e+00
0.000000000000000000e+00
1.103687347792960072e+00
1.052266121001598886e+00
0.000000000000000000e+00
8.871611758514410528e-01
8.794287641429577862e-01
7.871569535668716533e-01
7.523646426794041719e-01
6.212327462356903585e-01
6.499551685428672787e-01
7.034847155461999568e-01
1.609130885364725039e+00
1.576645809789687158e+00
1.507088210722220989e+00
1.547390355368722492e+00
1.466678073034720420e+00
1.446580384917249162e+00
1.681364766157324997e+00
1.471874082293619601e+00
1.323579001617624984e+00
1.628376383708705077e+00
7.374883690429088201e-01
1.392258423507307663e+00
9.955399014207241271e-01
1.082019322747362899e+00
1.178208841004612095e+00
1.019635324108033814e+00
1.506283671427945503e+00
1.832259819955522673e+00
1.066023031891013773e+00
1.094918771396299118e+00
1.930135940444383857e+00
9.156818859296103064e-01
1.944423191738400059e+00
9.184208563728175623e-01
8.479086514235067984e-01
8.707659334472159784e-01
9.430147986144079564e-01
1.955952689186694737e+00
1.875984285920907046e+00
9.113529285210761888e-01
8.935229491669736124e-01
8.469791288727444023e-01
1.855462529998694210e+00
1.816396130689221566e+00
1.856149512564015280e+00
1.757700259184224123e+00
1.689525593369350265e+00
1.929892266593330463e+00
1.480989468493353112e+00
1.678807045947075194e+00
1.770493416030062050e+00
1.740940578251139348e+00
1.562045288586237035e+00
1.474979540369850906e+00
1.597839035993026346e+00
1.780101102692927650e+00
1.892169400149005476e+00
8.671079941811279390e-01
1.182066832794941735e+00
1.029432223043703853e+00
8.801336807586390698e-01
1.640355538885468034e+00
8.842765503460729981e-01
1.614917259274434524e+00
1.920339934183416863e+00
1.924734716070973572e+00
1.719421944732132168e+00
1.739352080570276460e+00
8.908321784345577532e-01
1.674032165760251267e+00
9.840541304799137468e-01
6.347437541299757457e-01
9.479296150481609784e-01
9.221020389420692132e-01
1.845787833238910380e+00
1.504905342124636558e+00
9.732333120520368919e-01
1.273181391237508508e+00
1.726350887141122392e+00
8.995231103649510285e-01
9.340672840428707602e-01
1.268451975156737799e+00
9.594327692799353713e-01
1.667681978224716755e+00
5.666168524801050710e-01
1.685479169566777902e+00
1.859012701461402406e+00
1.869072541270354160e+00
1.938719153230674896e+00
1.919198717579316371e+00
1.725138964022223220e+00
1.227738233807449619e+00
1.163093258269218833e+00
1.805982642218351142e+00
1.774532944601465045e+00
8.856673414805718014e-01
1.036894515205900813e+00
9.302771363445023756e-01
9.356586192352756015e-01
1.921946017335991019e+00
1.017063759919429655e+00
1.342126730199327156e+00
1.107470385777271193e+00
1.343711314876453677e+00
9.109714712319146868e-01
1.036015039034035468e+00
1.015110522767821433e+00
1.078944693746041406e+00
1.514347480418906766e+00
1.454258781930225286e+00
1.165859336649515132e+00
1.304654380292117777e+00
1.341935906192401884e+00
1.486160270709379727e+00
1.543027946947912454e+00
1.498227688800560120e+00
1.321979360981047957e+00
1.586889583635314294e+00
1.607264041765730678e+00
1.685302803545514205e+00
1.054855462593183857e+00
7.702736943954908710e-01
7.725458550698541815e-01
8.160559501029848173e-01
9.009083416044477710e-01
0.000000000000000000e+00
1.098172654894402411e+00
0.000000000000000000e+00
0.000000000000000000e+00
0.000000000000000000e+00
0.000000000000000000e+00
0.000000000000000000e+00
0.000000000000000000e+00
0.000000000000000000e+00
0.000000000000000000e+00
0.000000000000000000e+00
0.000000000000000000e+00
0.000000000000000000e+00
0.000000000000000000e+00
0.000000000000000000e+00
0.000000000000000000e+00
0.000000000000000000e+00
0.000000000000000000e+00
0.000000000000000000e+00
0.000000000000000000e+00
0.000000000000000000e+00
0.000000000000000000e+00
0.000000000000000000e+00
0.000000000000000000e+00
0.000000000000000000e+00
0.000000000000000000e+00
0.000000000000000000e+00
0.000000000000000000e+00
0.000000000000000000e+00
0.000000000000000000e+00
1.008904121320416625e+00
9.756025468480353791e-01
8.965951061292667390e-01
1.074608472218990585e+00
7.432678631868504526e-01
7.588796929916563627e-01
7.188626570990171993e-01
6.118376057728980300e-01
6.138523336880912229e-01
1.655023650797786239e+00
6.521398982185895310e-01
5.655173402711444197e-01
1.462813638803319272e+00
5.782770322859357437e-01
5.689110176703463528e-01
1.578981980272286645e+00
1.477653495450767407e+00
1.371778916365683054e+00
8.603622281612794964e-01
0.000000000000000000e+00
1.250958644697285571e+00
1.457190652379524387e+00
1.412532110798211171e+00
1.141356501923060041e+00
1.124512576236500028e+00
1.191896381862840304e+00
1.207268778157718492e+00
1.096961504968894552e+00
1.189333487965358760e+00
1.065403058739738285e+00
1.150071380805569365e+00
1.089028511793530107e+00
1.157770651070177959e+00
1.382275475938286258e+00
1.181511300430957645e+00
1.167816498484878451e+00
1.243531941423602127e+00
1.002645018798195231e+00
1.189858027887584546e+00
1.177100302750025307e+00
1.497768725969294445e+00
1.159216859401942745e+00
1.349815701886653674e+00
1.507409182491865174e+00
1.478888146086162259e+00
1.300826562271026665e+00
1.630850362548868171e+00
1.684811565544258594e+00
1.459534864865753789e+00
1.434472272755167310e+00
1.499712859909353435e+00
1.483699523335687331e+00
1.627119790452920434e+00
6.185345888471385223e-01
5.961552685795545869e-01
6.891961893352425150e-01
6.350206789074184233e-01
6.471045140175012422e-01
6.559820772647184661e-01
8.928136886399328231e-01
7.988949842944503832e-01
7.767584761685449868e-01
8.780094111936026513e-01
9.709153262437477672e-01
1.052463622537998633e+00
0.000000000000000000e+00
0.000000000000000000e+00
0.000000000000000000e+00
0.000000000000000000e+00
0.000000000000000000e+00
0.000000000000000000e+00
0.000000000000000000e+00
0.000000000000000000e+00
0.000000000000000000e+00
0.000000000000000000e+00
0.000000000000000000e+00
0.000000000000000000e+00
0.000000000000000000e+00
0.000000000000000000e+00
0.000000000000000000e+00
0.000000000000000000e+00
0.000000000000000000e+00
0.000000000000000000e+00
0.000000000000000000e+00
0.000000000000000000e+00
0.000000000000000000e+00
0.000000000000000000e+00
0.000000000000000000e+00
0.000000000000000000e+00
0.000000000000000000e+00
0.000000000000000000e+00
0.000000000000000000e+00
0.000000000000000000e+00
0.000000000000000000e+00
0.000000000000000000e+00
0.000000000000000000e+00
0.000000000000000000e+00
0.000000000000000000e+00
0.000000000000000000e+00
0.000000000000000000e+00
0.000000000000000000e+00
0.000000000000000000e+00
0.000000000000000000e+00
0.000000000000000000e+00
0.000000000000000000e+00
0.000000000000000000e+00
0.000000000000000000e+00
0.000000000000000000e+00
0.000000000000000000e+00
0.000000000000000000e+00
0.000000000000000000e+00
0.000000000000000000e+00
0.000000000000000000e+00
0.000000000000000000e+00
0.000000000000000000e+00
0.000000000000000000e+00
0.000000000000000000e+00
0.000000000000000000e+00
0.000000000000000000e+00
0.000000000000000000e+00
0.000000000000000000e+00
0.000000000000000000e+00
